40 4.21969 -0
80 4.89659 -0
120 4.95366 -0
160 4.53453 -0
200 4.39279 -0
240 4.77957 -0
280 4.40179 9.91821e-05
320 4.84883 0.000114441
360 4.63333 0.0001297
400 4.60327 0.000160217
440 4.4876 0.000160217
480 4.35318 0.000167847
520 4.26935 0.000198364
560 4.33134 0.000274658
600 4.1732 0.000274658
640 4.07874 0.000320435
680 4.16875 0.000335693
720 4.25832 0.000396729
760 4.25137 0.000411987
800 4.00021 0.000427246
840 4.14188 0.000411987
880 4.19061 0.000488281
920 4.23124 0.000518799
960 4.14268 0.000579834
1000 4.31255 0.000518799
1040 4.18215 0.000579834
1080 4.14203 0.000610352
1120 4.04826 0.000793457
1160 4.21018 0.000793457
1200 4.26605 0.00088501
1240 4.25585 0.000823975
1280 4.07148 0.000946045
1320 4.21412 0.0010376
1360 4.23508 0.00106812
1400 4.2423 0.00100708
1440 4.09016 0.00112915
1480 4.28674 0.00109863
1520 4.40593 0.00112915
1560 4.2496 0.00112915
1600 4.08002 0.0012207
