40 3.06896 2.86102e-06
80 3.6157 5.72205e-06
120 3.90803 1.14441e-05
160 3.88315 1.52588e-05
200 4.07466 1.52588e-05
240 4.19253 2.28882e-05
280 3.85021 3.05176e-05
320 3.78306 3.05176e-05
360 3.73493 3.05176e-05
400 3.75412 3.05176e-05
440 3.56831 3.05176e-05
480 3.7002 6.10352e-05
520 3.35 6.10352e-05
560 3.47788 7.62939e-05
600 3.33257 6.10352e-05
640 3.43111 6.10352e-05
680 3.28633 6.10352e-05
720 3.43446 7.62939e-05
760 3.33421 6.10352e-05
800 3.29169 6.10352e-05
40 2.05072 2.86102e-06
80 3.65335 7.62939e-06
120 3.98023 1.14441e-05
160 3.98452 1.14441e-05
200 4.1333 1.52588e-05
240 4.23033 3.05176e-05
280 3.75353 3.8147e-05
320 3.84271 3.05176e-05
360 3.74503 3.05176e-05
400 3.71265 3.05176e-05
440 3.64348 3.05176e-05
480 3.6631 4.57764e-05
520 3.31831 6.10352e-05
560 3.43213 6.10352e-05
600 3.27297 6.10352e-05
640 3.42451 7.62939e-05
680 3.27205 6.10352e-05
720 3.41545 6.10352e-05
760 3.33029 6.10352e-05
800 3.25848 6.10352e-05
840 3.16844 6.10352e-05
880 3.32306 7.62939e-05
920 3.15318 9.15527e-05
960 3.20949 0.00012207
1000 3.2036 0.00012207
1040 3.19202 0.00012207
1080 3.12114 0.000152588
40 3.13464 2.86102e-06
80 3.58251 7.62939e-06
120 3.93659 1.14441e-05
160 3.97718 1.52588e-05
200 3.78195 1.52588e-05
240 4.22542 3.05176e-05
280 3.6284 3.05176e-05
320 3.79418 3.05176e-05
360 3.73293 3.05176e-05
400 3.74142 3.05176e-05
440 3.58674 3.05176e-05
480 3.63811 4.57764e-05
520 3.30142 6.10352e-05
560 3.41322 6.10352e-05
600 3.2972 6.10352e-05
640 3.4237 7.62939e-05
680 3.2657 6.10352e-05
720 3.38695 6.10352e-05
760 3.29545 6.10352e-05
800 3.24572 6.10352e-05
840 3.15413 7.62939e-05
880 3.30131 6.10352e-05
920 3.16158 7.62939e-05
960 3.19737 9.15527e-05
1000 3.23429 0.00012207
1040 3.2048 0.00012207
1080 3.10485 0.000152588
1120 3.23106 0.000152588
