40 4.21969 -0
80 4.88977 -0
120 4.85621 -0
160 4.7629 -0
200 4.46792 -0
240 4.77451 -0
280 4.42339 8.39233e-05
320 4.85292 0.000106812
360 4.67183 0.00012207
400 4.72362 0.000137329
440 4.46485 0.000160217
480 4.4253 0.000183105
520 4.22203 0.000198364
560 4.2379 0.000259399
600 4.18008 0.000274658
640 4.18993 0.000320435
680 4.18773 0.000350952
720 4.25847 0.00038147
760 4.30743 0.000411987
800 4.1544 0.000411987
840 4.14623 0.000427246
880 4.24387 0.000473022
920 4.22786 0.00050354
960 4.3089 0.000549316
1000 4.31303 0.000518799
1040 4.20898 0.000579834
1080 4.14741 0.000671387
1120 4.18609 0.000701904
1160 4.21658 0.000762939
1200 4.26889 0.00088501
1240 4.28466 0.00088501
1280 4.29654 0.00088501
1320 4.21372 0.000976562
1360 4.23998 0.00100708
1400 4.25376 0.00106812
1440 4.26052 0.00115967
1480 4.29074 0.00112915
1520 4.40239 0.0012207
1560 4.24494 0.00119019
1600 4.26971 0.00131226
