40 2.76011 -0
80 5.57279 -0
120 5.57869 -0
160 5.4665 -0
200 5.39508 -0
240 5.41459 -0
280 5.67559 8.39233e-05
320 5.66068 0.000114441
360 5.49684 0.0001297
400 5.35544 0.000137329
440 4.95364 0.000160217
480 5.05597 0.000190735
520 4.84145 0.000198364
560 5.03213 0.000228882
600 4.73902 0.000274658
640 5.00808 0.000305176
680 4.68732 0.000320435
720 5.07519 0.000350952
760 4.79743 0.000396729
800 5.01732 0.000427246
840 4.70816 0.000457764
880 5.10349 0.000473022
920 4.77368 0.00050354
960 5.11675 0.000488281
1000 4.83601 0.000564575
1040 5.00764 0.000579834
1080 4.67183 0.000671387
1120 5.04629 0.000701904
1160 4.73468 0.000823975
1200 5.10948 0.00088501
1240 4.8385 0.000854492
1280 5.12995 0.000946045
1320 4.76943 0.000915527
1360 5.12108 0.00100708
1400 4.75242 0.00100708
1440 5.14463 0.00109863
1480 4.82329 0.00115967
1520 5.19295 0.0012207
1560 4.80215 0.00115967
1600 5.13191 0.00134277
