40 4.82273 -0
80 5.55513 -0
120 5.63976 -0
160 5.33261 -0
200 5.19431 -0
240 5.41861 -0
280 5.44937 8.39233e-05
320 5.64759 0.000114441
360 5.46342 0.0001297
400 5.28871 0.000137329
440 4.95096 0.000152588
480 5.09179 0.000175476
520 4.63639 0.000198364
560 4.89345 0.000259399
600 4.65696 0.000320435
640 4.93612 0.000305176
680 4.65737 0.000320435
720 4.96023 0.00038147
760 4.62508 0.000396729
800 4.92689 0.000396729
40 3.22686 -0
80 5.57279 -0
120 5.60508 -0
160 5.49108 -0
200 5.05084 -0
240 5.42481 -0
280 5.61378 7.62939e-05
320 5.5213 0.000106812
360 5.39333 0.000114441
400 5.06565 0.000160217
440 4.89823 0.000160217
480 4.92883 0.000175476
520 4.68585 0.000213623
560 4.92949 0.000228882
600 4.65947 0.000274658
640 4.94774 0.000305176
680 4.66985 0.000335693
720 4.95723 0.00038147
760 4.65034 0.000442505
800 4.9393 0.000473022
840 4.72035 0.000442505
880 4.96414 0.000518799
920 4.72229 0.000579834
960 4.95756 0.00050354
1000 4.66841 0.000549316
1040 4.9341 0.000579834
1080 4.73717 0.000640869
1120 4.96847 0.000823975
1160 4.72399 0.000762939
1200 4.97598 0.000823975
1240 4.66762 0.000823975
1280 4.9665 0.000915527
1320 4.7137 0.00100708
1360 4.9697 0.000976562
1400 4.7183 0.000976562
