40 6.36025 -0
80 7.53407 -0
120 7.82637 -0
160 7.43629 -0
200 5.98877 -0
240 7.51968 -0
280 7.53129 9.15527e-05
320 7.89372 0.000114441
360 7.64772 0.000137329
400 7.29568 0.000137329
440 6.91723 0.000160217
480 6.73504 0.000167847
520 6.6106 0.000183105
560 6.4614 0.000213623
600 6.41546 0.000289917
640 6.36626 0.000305176
680 6.3779 0.000350952
720 6.53726 0.00038147
760 6.59326 0.000411987
800 6.27644 0.000442505
840 6.23553 0.000473022
880 6.42372 0.000457764
920 6.4003 0.000518799
960 6.49566 0.000564575
1000 6.62432 0.000579834
1040 6.39251 0.000579834
1080 6.26382 0.000793457
1120 6.4455 0.000701904
1160 6.43754 0.000762939
1200 6.5224 0.000854492
1240 6.54454 0.00088501
1280 6.64861 0.00088501
1320 6.38331 0.00100708
1360 6.4855 0.0010376
1400 6.46343 0.0010376
1440 6.59052 0.0010376
1480 6.54989 0.00109863
1520 6.77031 0.00112915
1560 6.50438 0.00125122
1600 6.51222 0.0012207
