40 4.38852 2.86102e-06
80 4.97994 7.62939e-06
120 4.97445 1.14441e-05
160 4.76049 1.52588e-05
200 4.62578 1.52588e-05
240 4.72666 2.28882e-05
280 4.84091 3.05176e-05
320 4.86869 2.28882e-05
360 4.82923 3.05176e-05
400 4.75901 3.05176e-05
440 4.3962 3.05176e-05
480 4.49419 4.57764e-05
520 4.272 6.10352e-05
560 4.4586 6.10352e-05
600 4.22828 6.10352e-05
640 4.44754 6.10352e-05
680 4.18051 6.10352e-05
720 4.54457 6.10352e-05
760 4.29972 6.10352e-05
800 4.44575 6.10352e-05
840 4.18037 6.10352e-05
880 4.52883 7.62939e-05
920 4.26697 9.15527e-05
960 4.54835 9.15527e-05
1000 4.34745 0.00012207
1040 4.46624 0.000152588
1080 4.17895 0.000152588
1120 4.47811 0.00012207
1160 4.25738 0.000152588
1200 4.55521 0.000152588
1240 4.31199 0.000152588
1280 4.55386 0.000152588
1320 4.25915 0.000152588
1360 4.54471 0.000152588
1400 4.28576 0.00012207
1440 4.54447 0.000152588
1480 4.33019 0.000152588
1520 4.635 0.000152588
1560 4.29489 0.000152588
1600 4.54097 0.00012207
